names<-c("Jeb", "Donald", "Ted", "Marco", "Carly", "Hillary", "Berine")
abc <- c(4, 62, 51, 21, 2, 14, 15)
cbs <- c(12, 75, 43, 19, 1, 21, 19) 
